Expected:
ans =

 -3.3892e+003

Actual:
ans =

 -3.3892e+003

Test #: 
i =

        7047

A:
A =

  Columns 1 through 10

   71.0594   48.9322    4.6841   37.9703   37.9348   16.5201   16.3603    3.4084   34.6228   87.7182
   82.9588    5.5315   43.5836   12.1254   11.1327   13.7682   50.0072   25.1016    4.9250    9.1424
   54.5791   18.2661   59.8025   56.0290   72.2865   37.4810   24.6960   20.8999    5.3045   23.5184
   63.5579   65.7733   61.1736   13.4964   93.3757   63.8096   85.4678   29.9283   66.6213   95.0918
    7.2365   83.9912   60.4492    8.5573   10.6388   33.2394   57.5834   18.3736   30.0439   79.9586
   80.5937   59.3729   24.3502   11.8434   20.9174   85.3544   27.3869   38.3158   85.8213   31.0557
    5.1422   92.5390   37.1791   91.1802   72.8155   66.0006   66.2269    3.1554   48.0653   68.0844
   26.2625   50.1959   88.3298   47.5281   77.6635   84.0488   91.1978   53.1853   35.4084   76.9783
   89.4998   27.2668   29.5952   94.0857   35.0272    5.0399   72.7264   94.8833   74.2579   57.1487
   98.5346   34.7807   34.5829   11.4090   46.9055   86.8697   62.6763   81.6885   97.4908   98.8044
   21.6731   90.7789   83.6520   49.9233   11.5042   46.7789   37.6804   83.9978    5.5806   56.6748
   25.3609   87.1834   51.7695   15.2823   41.3358    5.9644   89.6313   27.0923   28.6979   80.5824
   83.5093   15.6744   73.2058   54.9095   48.0187   44.9095   55.2130   77.4690   35.8086   43.7544
   55.9389   37.4591   84.4838   65.9754   66.7858   11.8300   94.9709   59.8945   19.5502   31.4671
   97.2448   67.6610   23.5680   75.6800   94.7615   74.1610   84.8491   92.4912   25.6299   23.6056
   38.5393   52.8148   85.1039   23.4023   17.9603   57.0207   55.6163   84.0506   18.8030   84.2499
   35.4663    6.3419   52.8088   33.1815   26.3318    5.1471   32.7398   35.7452   48.6779   82.8076
   11.0064   13.5812   87.1374   30.2534   54.1585   97.8191   98.4726   33.8189   50.0904   60.6332
   59.4335   21.8054   80.3829   19.8052   44.3834   45.0043   94.7450   68.1966   40.8938   77.5050
   50.3127   71.5008   46.9208    7.2690   79.5368   25.1418   47.3450   38.1783   99.3340   76.8719
   54.5207   79.5003   45.5035   59.4439   55.9192   60.9353   64.5254   29.4252   92.6689   91.7263
   56.6693    2.0079   77.9304   98.7018   31.9061   10.5496   27.7916   37.7730   63.0967   19.3289
   76.7107   13.2369   84.3630   73.0720   63.2872   48.7457    2.5030    3.1163   31.0409   24.9587
   65.4990   60.9760   57.6244   88.1107    2.1897   41.8961   82.1110   57.0594   19.6047   11.2226
    5.8275   60.7754   49.2232   28.1873   86.5429   24.6318    8.9289   29.7583   38.9188   50.3488
   17.3346   87.9034   82.4686   17.2422   45.4194   36.1980   71.9545   57.0990    3.0971   26.3830
   63.2390   95.1663   41.8594   72.2370   77.4151   53.2151   63.7780   97.4924   43.2180   29.7510
   84.0650   54.3899   46.8534    7.0740   81.3818   61.9189   44.6333   37.0706   73.9173   77.9129
   29.0249   45.8639   69.7695    0.8563    3.2294   55.3445    0.3613   78.7066   87.1017   55.2477
   82.6596   56.0462   14.9796    7.6104   39.4411   14.8447   36.5373   67.9895   73.1870   72.1079
   25.8988   16.5291   42.8227   33.2431   79.7489   58.0271   28.4355   88.6171    8.2309   72.1462
   65.2463   62.5839   38.6902   80.9840   13.8119   87.6515    1.9981   20.2254   96.9574   29.4095
   23.7217    9.6758   51.6190   61.8473   63.2025   84.1982   34.7913   41.8751    5.9530   55.4683
   44.5456    6.8088   21.5084   65.7260   65.3304   39.6191   55.3660   29.2247   58.0405    3.1757
   27.9409   91.2045   46.2723   74.9954   24.1902   65.3026   83.3706   68.0108   64.3020   94.7883
   22.9245   21.3340   74.6662   89.1332   15.8104   61.7523   66.8206   93.1852   37.6281   30.3891
    9.8175   62.3976   14.4700   29.1904   15.9285   62.8427   59.2609   36.3555   34.9254   10.5168
   69.0193   97.4039   75.6238   98.4080   67.5371   65.1573   75.2371   72.8246   69.0243   43.6460
    4.6951   95.2316    5.1318   61.9084    8.5689   28.3542   69.9081   63.7917   67.0427   51.0157
   75.7200   48.6794   96.4074   96.6964    9.1276   54.1795   73.1566   87.3907   76.0689   20.4938
   27.3054   16.2722   71.4472   33.2430    0.4090   36.5478   59.8562   60.5165   83.4260   29.8830
    4.8892   34.6426   89.7922   35.2270   36.2249    4.1582   74.7684   40.4908   63.0361   18.7772
   75.0668   29.2713    6.3290   12.6899   67.2963    8.1273   51.8896   84.2910   44.7340   77.3993
   75.5676    9.0455   89.2707    2.3717   40.8514   14.4040   90.1721    8.9618    9.1966   51.4117
   37.6077    5.1060   84.1437   64.2337   49.8152    0.0812   74.0355   46.8523   85.8726   40.2545
   50.9855   33.2587    7.0672   16.3451   19.5155   78.5883   47.7908   97.3845   28.4046   40.1207
   34.5771   57.1811   73.4874    1.8622    5.1049   24.5859   71.4909   81.6014    5.3057   81.9514
    8.9810    8.6473   39.1941   88.6906   34.2137   41.3989   11.7119   34.1657   69.7765   83.7726
   17.0027   37.0340   28.2424   26.4256   76.2369   11.1164   38.3974   52.1766    1.5102   30.0056
   93.8953   69.6969   25.8808   69.0258   70.8326   19.9412   38.0182   90.3297   53.0118   36.5261
   31.9561   95.4207   90.3131   87.9488   83.9866   46.8830   31.0255   81.6069   91.6155   77.9189
   24.2144   89.0088   15.9686   18.0941   37.7292   54.6521   22.6817   81.3506    5.5266   93.0514
   93.6045   34.1983   38.8381   70.3942   76.9024   49.2792    2.5250   22.8693   79.7919   46.0958
   69.6507   34.2477   75.5184   30.1102   40.5226   38.0506    0.7877   39.6344   86.8087   37.7853
    4.6540   18.0137   99.6301   64.0731   93.1503   51.7846   26.8571   90.6944   44.6655   59.4436
    1.4660    6.5073   83.6308   77.0415   83.5161   40.6905   72.4787   24.3028   53.3335   73.3185
   81.0535   84.7100   58.6452   84.1072   98.8121   13.4297   77.3112   84.4877    6.7533   28.2122
   61.9544   27.3890    3.5831   43.7527    9.0896   41.1367   76.8963    4.4401   20.6809   73.1798
   67.7614   53.4927   98.0241   32.8917   12.4536   18.1373   22.4314   47.5815   54.2105   11.3347
   92.1984   85.8229   61.6096   32.9010   81.9355   64.9911   10.3399   44.7231   92.5072   59.6009
    2.1155   99.3539    5.9713   91.1886   83.7639   78.0789   13.4019   42.3320   83.7197   92.1292

  Columns 11 through 20

   91.7640   38.6791   74.4813   20.7165   37.2326    9.4194   42.5439   72.8605   45.6743   43.8545
   36.7588   40.7268   20.9324   72.8378    5.9008   23.8558   30.4356   35.7285   95.5813   69.3473
   99.1323   13.5050   18.1451   82.7006    6.6516   37.8760   58.4652   57.7762   71.8378   75.0883
    7.7171   13.2189   24.1831   18.8748   36.9594   77.5883   52.9495   68.4895   16.4384   80.4384
   56.1369   90.9083   40.1932   78.9382   33.7819   52.3479   70.7249   81.9501   62.2786   15.5672
   60.2157   47.2161   21.7359   98.9813   64.2594   64.2502   74.3979   53.8138   95.6299   46.2947
   82.1635   16.9492   67.8674   46.1814   61.7562   53.3745   54.4970   93.0928   80.6522   62.1408
   36.6305   30.8117    0.0663   10.6704   34.3522   59.2888   93.8565   48.9798   69.5112   73.2260
   48.7873   75.7900   40.8113   66.2867   87.3640   66.6314   85.6273   35.7366   65.5271   93.6017
   70.4729   66.6310    4.0255   13.6687    2.6515    6.6735   82.5534   94.3934   96.3752   22.4089
   84.5298   34.7563   34.1525   34.1006   57.0370   94.7314   22.8828   71.7610   85.3041    2.7340
   17.9418   57.0307   54.4770   95.3999   80.4325   64.9880   26.1551    4.3855    2.8102   39.2514
    9.0138    3.4410   17.4523   21.6832   55.5779   67.7551   45.8702   30.2448   97.4991   12.0901
   56.8522    7.3340   89.4983   53.5289   38.2605    6.9741   45.7362   69.5301   70.4680   42.4307
   28.9079   63.1997   49.1793   78.6625   41.7328   55.6307   51.1162   63.3782   39.1041   94.8145
   84.7057    1.4419   25.8527   78.9549   37.1380   89.3638   91.0654   32.3329   37.9259   43.7227
   44.8491   57.9355   76.7378    2.2609   74.4397   16.9664   60.7854   72.7246   60.1952   10.2591
   43.2583   41.4920   79.7893   33.8055   86.9621   64.4198   71.9935   82.8316   44.6639   69.0592
   97.4795    5.8189   54.3832   22.2208   20.5629   45.9571   72.5146   35.6239   44.9600   54.4371
   15.9323   34.5454   10.8510    2.7583   63.5891   49.6988   45.0588   42.0192   47.5063   63.8629
    5.6697   66.1176   73.1861    7.9965   32.2975    8.3372   11.1564   95.7303   74.7055   88.6255
    6.7557   85.5421   85.4608   75.6961   40.0904   49.6176   81.1850   45.6112   84.2103   39.3664
    3.2165   79.5322   37.0266   36.3824    6.7076   80.7899   81.3104   88.0696    5.0192   77.8393
   50.9615   88.0530   78.1465   96.2483   81.3472    4.3616    3.2391   29.0957   56.4920   10.3298
   56.3279   26.7288   86.0877   52.6930   29.4818   35.0355   24.5709    4.3598   21.0770    5.4358
   77.3798   71.4134   54.2697   90.9146   72.4200   59.0845   80.3396   43.9633   95.7864   98.6271
   67.9706   54.4084   46.7825   79.6830   42.6768   77.6787   58.7758   34.8488   84.9483   61.7051
   52.8564   63.3996   83.5355   16.0516   59.9446    4.2546   94.0288   40.9514    5.7281   29.7477
   97.1815   88.3160   49.3553   48.1385   15.2868   47.0213    8.6486   48.8548    4.0097   57.1763
    5.3576   55.0697    5.7443    1.2934   93.3697   72.6859   38.9147   33.2097   65.3581   98.4915
   83.0790   57.3453   29.9802   30.8718   89.9050   84.0603   31.9342   21.6785   43.1140   41.3452
   58.3163   13.2475   62.3630   79.4131   31.3402   58.4361   93.0045   93.3001   93.6361   53.2610
   94.4653   60.5242   66.6006   34.3888   22.1265   37.3988   32.4087   34.9532   36.8501   81.8733
   31.3959    9.6577   60.7319   50.0796   52.1344   70.7103   31.2536   28.5156   84.3200   25.4514
    1.0926   36.2193    4.1633   99.5304   12.4208   99.1653   94.0405   59.8532   74.3481    6.2014
   81.5814   67.0874   97.9518   38.8017   76.5894   94.3475   60.4989   59.7922   14.7031    0.6346
   41.8208   43.3618   43.7724   25.5445   13.4105   82.5325   93.7105   30.9536   94.1887   44.4237
   86.6095   57.4479   21.2122   92.9837   87.9917   97.2551   87.9010   78.8120   31.1038    0.0649
    4.6756   81.0294   44.5224   83.0832   75.7922    2.8329    3.7597   21.4101   68.1107   72.5563
   21.7591   56.8597   52.3205   99.2676   91.8655    7.9580   65.8092   48.8569   33.3343   95.9656
   74.9529   83.6130   77.3550   73.5347   49.8076    3.8993   12.9272   39.7890   50.8003   17.4501
   26.2578   88.8211   88.9748   74.7084   98.1951   84.5421   77.5300   22.1161    6.0759   31.8766
   30.7540   68.5678   94.3661    0.9840   81.9586   76.7047   76.7549   62.7710   18.5507   36.7929
   75.3990   78.0520   89.4681   65.7613   69.9611   37.5528   15.9009   99.3277   44.1713   80.9257
   57.0780    5.3673   83.9712   24.4234   63.7206    7.4267   31.8475   61.2930   25.5701   28.4389
   36.8181   67.1159   35.2037   41.7266   13.5951   28.9186   87.7050    3.3724   99.8847   95.0535
   93.2812   28.6943   97.7173   58.9917   27.2486   27.8720   95.7974   41.4334   89.6451   85.2881
   58.0802   28.3584   55.5783   14.5288    7.1361   11.1630   27.7201   68.2139   35.4588   59.8362
   39.3256   97.5097   61.2480   89.8783   40.4082    8.9861   17.7829    8.0779   39.1001   34.2468
   22.4824   25.6036   96.8377   88.1767   57.0221   48.6945   55.9147   39.3182   67.2088   25.2637
   95.0066   87.3319   89.3398   20.8716    1.6766   23.4023   87.0778   15.1359   44.5417   62.3848
   30.0022   19.6906   98.2141   99.1825   16.6549   73.8648   28.6648   78.4960   26.2985   26.5741
   92.4146   30.6742   27.3380   13.3947    3.2710   24.4589   21.8079   94.3844   28.1532   65.1639
   25.7648   39.4290   91.1256   42.3605   98.7653   38.0308   90.7387   59.0947   71.1387   91.7140
   42.7024   94.6276   24.7002   97.2780   45.1779    8.4563   12.1169   41.2181   82.2623   41.4151
   95.0678   53.8967    3.7120   82.4234   88.9721   86.9901   30.0421   31.2928   59.4977   57.0679
   30.3751   78.1829   98.9965   94.8074   78.9903   33.5021   24.2333   96.7587   95.9712   90.9622
   99.7158   33.4079   52.1514   50.4813   47.4179   43.2805   94.8362   34.3333    8.8227    0.6458
   88.1256   40.7768   44.6206   65.2932   65.4223   19.7174   77.0181   21.8682   17.3941   92.4123
   56.3026   91.4494    4.2704   83.1719   27.2798   15.1366   17.3081   24.0033   26.1959   52.4303
   60.5624   94.5990   12.9139   90.0439   70.1989   70.2707   72.4970   96.8406   68.3381    1.4713

  Columns 21 through 30

   63.1167   26.2582   61.0804    6.6585   18.7624   85.1546   40.7269   14.1842   58.1495   36.8292
   56.8357   98.9350   59.3852    1.4033   10.9852   78.8266   26.7107   70.5701   55.6255   78.7340
   41.4784   49.0738   81.9975   80.2156   57.8692   36.0931   30.7276   81.2714   20.2824   78.3464
   91.4333   24.8275   24.6210   36.0903   81.9318    2.9954   78.2983   86.7595    4.9452   16.5651
   76.3445    6.0170   12.3059   69.6969   37.8155   57.1983   92.0250   95.9583   71.1039   70.3044
   56.5728   13.6966   42.9291   58.4884   98.7232   39.9457   19.6989   59.4157   57.8187   49.2143
   75.3773   41.5599   82.0503   32.9359   43.7736   45.9175   34.0365   46.6262   68.4290   22.7445
   86.1144   70.4225   48.6377   31.3725    9.6048   38.7629   18.6086   11.7115   23.4551   97.1205
    4.4090   81.2009   51.0569   73.5478   67.8965   51.7073   47.9017   95.1181   85.3027   80.5536
   31.0344   97.2397   29.5338   47.5468   14.1181   72.8353   66.8205   19.4935   48.6989   20.6589
   70.9929   97.6634   43.3087   28.3460   57.7924   68.8935   70.6391    9.1564    6.8181   68.6803
   69.8930   70.5662   68.3395   30.0896   65.4461   49.1891   12.1636   64.7682   28.0429   65.4786
   18.2610   69.3488   55.7461   67.3709   32.1181   42.2604   99.0156   68.3341   68.9531   88.5456
   74.7106   32.7832   15.9793   13.8921   38.0922   41.4869   52.3157   94.6940   75.1890   61.7050
   16.2912   90.1296   59.6279   71.0694   21.4846    5.7708   55.7190   42.1453   47.2918   79.6286
   89.6179   17.6385   74.8211   33.1527   57.5897   10.9054   29.5574   20.5256   86.1653   46.9808
   94.4446   84.6886   31.5650   15.6359   31.1194   94.2603   87.2274   10.1693   99.9218   22.8832
   27.8124   15.6100   33.7262   71.2679   80.3245   49.8998    1.1754   47.0676   90.4827   87.9762
   38.4248   16.9040   74.0742   84.4975   32.5711   90.9023   85.1281   68.6069   71.5933   73.6116
   59.4341   41.2248   98.0830   54.2839    3.7744   48.8801   73.3600   29.8054   46.3267   37.0702
   93.8661   84.0619    9.6687   92.7075   43.9910   36.6451   36.6111   24.1649    0.1550   33.5366
   51.4508   14.9604   53.5219   42.0632   43.2712   54.7570   44.9409   10.9787    4.0479   67.7924
   93.8315   89.4505   98.3488   42.8771    7.4222   11.3000   49.0804    9.9832   46.8926   90.1228
   38.5523   24.5206   50.5584   42.1047   99.9974   39.4276   31.4151   35.0926   29.2543   95.4276
   78.6556   22.2924   73.8397   49.5552   45.2534   38.2269    4.6735   37.0627   42.1862   75.7547
   51.1696   27.3327   16.2245   45.3443   46.8048   71.6171   44.5147   95.1497   73.5105   61.1694
   28.5049   20.5525   50.2677   52.8143   10.2644   63.1968    6.8144   95.6948   40.1289   59.7899
   67.8545   95.5652   18.1520   53.1851   42.7019   43.3752   24.6502   68.8059   84.8105   25.1283
   21.4902   29.4439   52.2569   38.9943   55.9256   20.4251   72.7517   20.1464   47.4838    1.7779
   73.7184   66.7967    4.7884   23.2871    8.1909   26.6015   40.5560   36.8984   55.7320   69.8645
    7.4391   42.2795   95.7895   34.3543   50.3091   42.2403   62.6603   65.0666   37.9025   87.9851
   35.7741   76.1343   81.5791   96.3260   98.4967   71.8195   71.5092   74.7939   20.3809   97.3498
   53.3453   72.9368   45.0074   74.6410    1.9319   16.4276   14.6990   59.2805   91.3792   43.7649
   47.6262   82.0881   46.5733   74.5497   33.9488   10.3370   65.4715   83.0812   24.4798   70.9602
   72.7702   27.1590   18.4591   92.5598    0.4079   42.9041   64.5352    1.4610   43.8200   24.0148
   99.3240   56.3418   21.1131   56.3456   31.7756   61.4311   14.1284   51.6400   14.6875   75.1917
   50.2436   37.5835   78.8756   80.5575    5.2458   39.9238   16.1977    0.9260   69.3027   26.3701
   60.1091    7.2666   45.5506   32.5133   23.6021   51.9080   26.0519    9.7975   62.3744   38.6870
    7.4041   83.2606   97.8985   37.5043   29.4971   87.9133   73.2827   22.3345   22.6679   79.6618
    8.0213   40.4616   91.9455   65.0040   94.1021   39.1774   68.2852   52.0289   17.9277   12.6359
   48.6154   11.6243   71.6229   66.5232   21.3702   26.1901   81.3419   50.5145   33.0492   85.4176
   85.0764   97.1102   37.3866   61.4289   97.9849   30.3278   59.4333   78.6598   13.7778   33.8168
   99.8610   38.1064    1.2732   92.0061   46.0979   41.8413   74.4829   31.5608   50.9881   28.8394
    0.3501   84.1542   79.7671   31.5143   38.3357    3.3025    7.0251   41.9810    9.6963   77.2713
   22.5202   88.4557   54.3702   36.2835   75.8705   85.1362   58.9826   44.6533   85.4548   13.5675
    4.2656    9.1112   20.1947   91.5556   59.7934   23.4458   98.2636   53.4174   40.8786   76.3719
   79.7829   85.2027   67.7440   32.5147   42.6016   22.9128   91.0126   94.6366   64.2886   66.7204
   85.9346   35.1356   39.8888   54.1570   16.1265   69.1103   16.0936   30.8250   34.7900   39.3148
   30.0621    2.3557   92.3190    9.7466   23.5373   74.5420   55.1215   87.6088   38.6484   95.8021
   33.7473   97.0496   87.8672    9.1687   26.7191   59.3898   32.0867   57.2881   53.5301   63.3686
   59.1813   34.7451   47.0764   60.2939   72.2101   26.2481   84.0833   50.3910   63.8745   19.9327
   90.5732   49.2691   72.2783    2.6910   42.4754   81.2251   65.6941   77.0817   26.5216   91.9251
   11.2866    4.1506   93.3525   54.2947   92.9815   28.9128   67.7050    4.0602   74.6316   81.4651
   69.9061    5.3759   19.8767   40.0713   36.0838    3.8845   93.9885   77.8722   27.5076   32.3366
   79.2219   57.2778   87.3894   37.2371   58.2649   81.1922    7.9218   59.9491   17.2403   90.4095
   20.7748   11.5602   98.4716   44.9395   63.6339   87.2054    3.2724   30.0343   34.0828   74.1860
   75.9233   78.8904   19.0334   69.7707   49.2869   15.2135   67.6819    5.8441   39.5527   28.3001
   96.5707   67.2773   97.5895    2.6533   61.3842   68.9901   49.8652   45.5651   57.0352    4.4352
   83.9184   99.4555   59.8363   26.6899   23.9251   32.0204    2.7422   76.2696   74.1680   15.2014
   93.7186   91.5157   52.7578   41.7892   28.0273   11.3791    6.1876   19.1272   17.1750   63.5541
   86.6845   81.3210   19.8047   33.7671   92.6349   96.7800   28.1948   34.2507   27.4629   25.4172

  Columns 31 through 40

   23.9249   79.8192   90.7985   58.8509   71.5748   96.8480   41.2764   28.7265   19.8149   42.0992
   25.1290   41.2776   70.0673   45.9341   61.3718    4.6826   34.7618   71.7544   71.5980   92.1540
   27.7773   17.9376   71.5267   88.9876   66.7427   72.3301   15.0498    9.5210    3.1957   55.4998
   54.1880   73.0679   83.3437   15.1510   52.4761   67.8691   42.6738   86.0867    6.2589    8.6157
   89.0098   74.6042   78.3557   79.1316   44.9932   92.4167   68.7028   10.5061   20.8712   56.5637
   75.4903   37.6991   94.6112   98.8633   93.9069   38.3989   73.9976   13.4213   96.1661   81.0952
   92.9733   86.0818   59.8237   65.4038   39.0760   82.3941   31.5635   45.0560   10.2384   68.7235
   83.9468   36.6071   37.6180   55.7818   42.2607   36.4741   85.7595   82.2629   52.1683   68.8954
   48.7632   23.7803   29.5605   47.6145   10.0116   97.7953   16.9447    6.2011   65.9792   34.4572
   32.2639   42.4199   55.1560   20.7143   89.7994   19.1024   65.3872    6.0648   40.5173   20.6643
   52.1404   85.9717   14.7930   35.6145    3.3978   40.8301   28.7812   71.3110   75.7283   46.0659
   18.0921   77.2513   79.5854   40.5471   31.3372    0.3271   89.5625   42.4284   79.8557   32.6081
   45.8779   26.5816   50.9158   51.2921   65.6353   76.9412   97.1459   91.5463   37.0312   60.7489
    5.4430   21.6078   77.0074   80.4895   44.2237   57.5362   71.4399   10.2959   44.2727   60.5441
   45.5474   50.7632   51.0414   32.6888   17.3036   42.1140   23.7617   48.7972   72.3185   23.9494
   83.9303   21.8722   56.6841   23.2381   95.8154   81.0230   24.1042   65.5121   71.6274   64.1338
   65.8531    2.5505   53.8988   88.4910   60.4239   54.1771   10.7343   54.7385    1.5700   39.4180
   64.5753   88.5244   49.7937   53.3399   85.2394    7.7798   52.6621   73.9677    7.7782   90.7521
   19.4947   13.8213   88.4858   48.8923   33.0689   34.4815   84.1630   23.9447   19.4845   41.4373
   56.0537   74.1524   13.0073   13.7224   48.6966   87.0821   83.9588   21.1980   10.5512   96.4741
   65.3791    6.8706   24.8293   38.0374   81.0057   51.7660   58.4421   67.9000   16.7176   21.6837
   22.0966   68.1270   91.1305   66.8814   76.4262   30.0919   40.0566   95.7448   70.9982    0.9891
   74.1228   66.4502   79.1087   67.4579   21.0545    4.6240   68.9940   85.4566   64.7531   43.8179
   29.1931   33.8011   75.3441   48.9976   81.7599   22.1655   58.9520   78.6924   63.8729   40.0042
   16.0557   96.1270   36.0512   59.9357   51.1411   51.1188   43.9000   62.2360   82.2044   65.5975
   18.6299   20.8484   61.9612   42.1015   31.1210   42.6485   41.8986   86.2405   62.9245   26.4608
   29.0412   96.5373   41.7096   31.0821   61.1663   76.0762   21.1275   23.5234   14.9395   66.8940
   88.7404   58.0244    9.5862   81.0351   94.7144   97.6093   66.2783   39.9486   99.8496   55.2956
   25.5562   16.7046   91.9730    7.1920   69.2458   80.8560   29.8184   98.6010   49.7790    0.1320
   46.9813    3.9952   83.9301   30.1698   60.1311   93.1873   91.1187   44.4885   46.1931   67.4704
   77.2024   61.1744   84.8811   64.7429   35.8440   95.4624   74.7043   27.7907   96.4405   78.9684
   31.6858   88.2584   53.8946   72.4498   28.1241   24.5143    3.5429    3.7993   22.9140   55.6808
   55.5960    6.7801   46.6840   27.9082   52.8933   92.8097   72.6761   71.0660   46.6091   28.2133
   74.2743   53.4514   86.7539   95.9398   20.6190   70.3043   91.5641   17.0827   74.0826    8.9312
   30.8617   93.3886   82.7748   80.5804   33.4819   13.1784   52.4380   30.6792    1.2302   59.0035
   11.9749   32.8346   60.6398   72.5773   92.0886   70.7343   99.6037   12.5375   75.9149   38.0347
   47.0037   22.5522    9.7969    2.3925   16.9757   82.8177   20.7304   50.4962   95.1132    1.6861
    3.1553   10.5171   48.8723    6.7418   79.6795   67.0509   42.1774   99.9222   28.7438   62.3098
   30.8829   12.5960   16.0781   61.7999   13.4424    6.9417   54.7936   69.3060   45.1245   49.1253
   14.1427   22.2212    8.7895   86.4095    7.5591    4.5025    2.0592   20.3272   92.7168   81.2887
   85.1899    2.5249   94.1232   11.5065   10.6441   93.7025   37.6287   90.8967   89.3432    2.1528
   58.8343   15.1103   67.0216   16.9663   18.2661   86.7859   75.4909   45.8322   25.6505   53.2735
   48.4925   93.9064   26.8746   40.5455   26.0278   10.8731   16.4647    8.0379   44.9448   16.8667
   81.2124   27.5688   21.2303   46.1745   40.4605   20.3713   57.8323   44.7047   92.4724   23.2854
   72.5895   62.6264    6.2145   20.8899   44.9547   60.1738   82.9419   28.8074   32.8920   25.8345
   37.7547   49.3059   41.2356   70.9210   40.5693   59.9879   15.7221   98.0363   62.1723   58.8636
   83.7728   58.9377   67.3844   38.5423   24.9743   24.0376   78.3446   34.4017   96.5846   70.7431
   36.6324   72.4333   65.6695   30.5328   24.6188   44.3528   24.9076   90.9797   22.4327    6.2809
   22.9536   33.6137   67.6251   86.8310   72.9958   36.1230   51.3988   27.6005   92.6966   79.1552
   81.6591   47.1696   77.3961   12.0601   75.9886   49.1120   24.2785   73.7601   89.1082   94.0805
   76.4932    5.0314   65.4650   63.4740   77.6622   83.8280   80.9498   88.8833   97.2053   96.1254
   76.6656    0.3275   51.4225   33.9133   65.1561   47.9662   80.8588   91.0455   32.7524    9.1640
   18.6818   95.5533   95.2142   26.1059   95.4693   89.5735   40.8119   46.8797   93.3173   19.8476
   93.5610   86.5363   95.2088   18.0066   85.5224   57.8792    4.5873    2.3190   18.4856   97.2450
   36.3494   99.0150   71.3020   75.2886   62.9763    6.8793   88.8049    0.8372   82.6740    4.6578
   41.7540    4.7530   16.5301   43.0242   16.9063   44.4591   67.3906   13.2764   95.0541   40.3898
   32.1054    2.1496   20.3211   75.6614   52.7608   37.2716   86.0317   66.2846   75.5799   72.4460
   85.6519   45.1331   76.1250   78.9078   65.8759    7.7824   63.9438    4.8775   19.1944   22.6800
   34.6261   24.2946   20.1461   82.4245   58.8270   98.2033   25.9543   65.5075   67.4563   14.1795
   74.3453   23.4824   78.9492   36.8691   88.8231   30.5146   76.8542    8.2496   36.9012   19.1251
   62.6854   27.1915   28.2823   36.9086   31.7236   99.1334   79.3606   27.8767   35.8280    3.9704

  Columns 41 through 50

   65.5995   48.9879   11.9088   53.7737   84.9535   83.4885    9.2504   49.6947    4.1864   69.8610
    8.6490    5.8667   99.2736   59.6096   90.8565   46.2032   42.6933   44.6078   54.8465   75.5424
   71.1692   16.6927   28.6793   52.4969   85.6491   66.0076   42.2965   72.6917   57.1293   47.4706
   21.7438   15.7984    3.1809   81.6434   24.6982   64.8617   80.6140   90.3318   65.9088   46.8568
   78.3997   85.0384   29.0178   78.7684   30.6531   31.1445   31.4842   19.2840   47.0333   11.8150
    5.1435   19.1588   94.6797   30.0864   78.6636   35.0812   29.4433   96.3112   16.5124   52.6644
   52.0339   66.9679   72.5243    4.1229   53.2799   31.9250   88.3889    5.9797   32.3340   66.9170
   38.1679   81.7262   13.4731   14.1046   56.8886   48.7181   59.8153    4.1127   53.3559   21.6273
   20.7851   80.9089   55.4733   79.7173   48.8208   59.9291   28.9944   16.7585   13.3001   76.4042
   64.1358   30.1516    3.9860   30.4608   52.1606   39.7328   80.1740   52.7207   57.8853   88.4389
   59.3339   25.1626   86.9710   13.4782   42.0241   45.1238   82.8178   83.9576   73.0055   80.6049
   12.0208   27.5561   59.9577   67.7363   28.0511   23.9207   76.7341   31.4963   53.0317   41.2463
   15.3643   20.6474   58.8449   74.2981    4.8099   86.9924   78.6270   81.9925   80.0366   84.9771
   55.9573   52.3659    7.0216   45.4940   46.3805   91.9569   54.7014   66.9581   55.0574   79.1459
   70.1715   61.2967   23.0339   13.2532   68.5952   70.1119   15.2997    8.0332   59.5151   26.2509
   47.4144   91.6194   68.8574   56.3400   58.5508   12.6098    2.6749   42.7176   80.7675    6.8816
    2.5245   16.3730   84.9140   94.8310   47.7771   75.8180   62.6978   25.2960    8.0922   68.5824
   81.0846   45.3248   60.1869   17.1662   21.1653   62.3897   43.9392   51.8774    4.2744   11.7754
    2.4009   62.9947   85.4474   81.0018   65.8103   97.7586   73.1309   59.8912   74.8203   37.7614
   85.0422   17.8222   69.4605   27.4091    4.9462    1.0354   28.7362   52.5501    2.9232   77.2328
   23.1905   92.0453   46.2181   46.2312   79.7093   51.5126   46.4464   87.9701   44.9880    2.2229
   69.7854   74.4779   93.2122   32.7701   86.8432    9.9313   42.6187   94.4216   89.3680   22.5123
   29.6287   50.1257   54.4401   28.5502   74.5167   77.3605   56.3849   19.9441   17.6957   83.5006
   34.7748   71.9224   21.3431   64.4744   97.9277   79.0043   41.3082    1.8692   59.4020   33.4199
   96.7095   46.7713   26.0347   42.0740   90.5632   82.8139    8.2186   26.2642   40.4708   67.3634
   53.4035   43.2840   89.7978    7.3066   14.3948    4.4525    8.1390   51.2829   27.3350   17.1296
   85.0478    1.4241   44.8416   91.0477   86.9387    6.1041   39.4294   43.3392   25.6504   79.3917
   30.4631   64.8034   10.4590   52.0649   68.8559   32.1226   33.4090   76.9593   63.1850   63.0552
   12.9490   55.6740   71.1886   75.5883   15.0546   67.7244   22.5641   14.3537   33.6108   96.8902
   32.3394    5.3176   30.9907   11.6090   59.3541   34.7179   51.7749   62.4946   48.3558   59.1243
    3.5422   81.2704   97.7306   57.2233   85.0720   58.2895    3.6072   46.0749   43.3886    5.9762
   98.4737    5.5791   16.6823    2.0214   15.9675   28.9990   51.2210   50.0646   40.9655   68.5122
    4.1086   61.3301   56.2735   50.1547   31.6748   94.0210   97.5402   84.8619   48.1954   78.1293
   62.4754   83.3991   60.7600   21.6332    0.8692   74.9449    1.2418   75.6928   62.6795   18.6661
   78.9144   19.9112   29.6308   44.1562   72.6782   33.3898   75.2222   59.7077   95.9364   63.9076
   27.7186   76.4744   22.5725    5.9309   54.3704   42.9678   51.9871   29.9327   40.1921   20.7593
   81.2997   60.5905   37.7449    7.9880   41.6127   63.5806   91.5756   52.0329   30.1860    4.0522
   43.4960   51.8928   18.3092   88.5566   57.1297   70.3833   59.8626   19.4768   32.1120   42.6666
   36.4165   66.2890   89.3988   36.0526    1.5030   81.3921   89.1273   20.1311    9.0291   41.1882
   64.0669    0.0817   41.1955   81.5064   83.8080    4.5482    7.7538   19.5118   79.4594    0.9381
   46.9531   78.8080   28.3118   78.3426   76.7817   25.8151   18.6744   91.1827   29.8300   46.9249
   38.7151   35.8167   62.0205   14.1289   59.9850   47.8026   26.7658   88.5867   90.5543   97.1104
   75.5605   31.4827   56.8866    6.3378   23.2599   20.9629   17.9167   93.0732    7.1564   22.2970
   41.2652    5.1365   86.5175   66.0546   32.9466   56.1797   25.8536   25.8177   97.6716   41.7749
   65.7908   23.8128   21.0285   48.1545   35.8016   41.5656   10.9493   48.2231   13.5392   87.2423
   83.6909   28.0766   89.0746   22.0129   76.3500    8.0318   87.8218   99.6271   37.1277   10.4516
   91.0855   37.6373   38.7337   88.1976    9.6826   13.3892   83.4866   51.5291   92.5890   97.2374
   64.6480   40.3673   61.3170   21.5381   83.2724   38.7395    3.0945   27.2084   94.9237   96.3506
   38.0638   19.7985    5.2990   86.5267   20.4356   62.2882   23.0339   93.6540   83.5470   78.7563
   62.4979   46.7190   94.2450   20.1567   27.5787   94.7977   79.5376   72.5669   60.4491   82.7698
   48.9884   11.5037   53.9060   90.6302   62.2062   69.8296    3.4027   37.2824   44.5253   92.1731
   70.0501   18.3282   53.2961   17.0646   34.6013   94.6119   58.7208   61.8764   95.9888   30.5501
   31.4405   27.6541   89.8656    7.2716   58.0910   29.3641   10.6384   73.3536   48.5205   21.1156
    6.0601   70.3010   95.5838   54.3129   28.5897    1.0719    3.8254   71.6069    1.0364   22.4455
   81.5607   93.3498   50.9072   82.5158   99.8632   51.9874   41.6778   56.3918   75.1552   64.0777
   10.4603   95.3338   30.1426   83.0676   37.7981   87.8932   26.8181   81.5038   98.9315   51.7141
   28.0806   92.0560    1.0404   81.3560   96.3399   92.4016   41.7295   45.3446   19.7592   93.2407
   19.5692   38.7367   63.3008    8.4599   48.5863   69.4678   36.2977    8.9323   81.7294   48.4120
    7.0996   24.6416   93.6471   65.9872   91.1475   50.7341    8.2416   98.6002   52.7727   62.8087
   87.5276   94.5575   64.7915   39.4634    3.0827   97.9209   14.4445   88.1457   17.9840   34.5151
   15.6300   28.1323   37.5815    2.2241   31.3983   61.0635    7.8064   18.1483   35.1398   56.4652

  Columns 51 through 60

   90.7882   96.5746   16.9133   29.6083   54.6990   15.6248   65.3713   54.3348   54.1177   47.2446
   21.7252   96.8311   67.7221   28.3277   32.0962   35.9221   79.1467   30.7062   70.3884   46.2224
   99.6118   89.3846    9.3982   19.3845   59.0558   29.5180   98.3415   89.3751   16.7553   90.1795
   21.3875   69.9792   42.0547    9.5277   66.6800   90.0238   32.0190   58.3927   17.1450   44.9860
    3.6351   41.5740   92.8004   26.9079   23.4967   79.5345   24.2871   82.5915    8.2227   75.0732
   48.0263   51.3250    9.2969   24.0844   79.8275   74.1276   74.0875   43.9578   23.6846   22.3974
   75.1635   10.5948   15.6184   36.3162   65.6052   82.4855   50.9776   89.1093    7.8264   86.5778
   22.1353   56.1580   89.9950   15.5360   68.0039    9.2282   97.5051   94.8716   72.8789   18.9717
   10.2343   78.5422   89.4138   57.7668   81.7277   43.6577   36.8586   89.0724   58.7087   73.0599
   19.1639   96.5589   23.8884   44.1395   86.0153   96.2076   42.6737    0.9258   99.9827   46.5138
   12.3646   50.9345   80.2295   54.2022   20.6940   69.0236    4.4557   95.4990   13.6601   66.3666
   51.2214   99.2538   41.4657   32.3425   83.1838   65.1122   53.5789   21.4983   35.0967    4.9815
   60.2949   97.0236   27.6311   36.7089   89.4874    5.5215   10.6447   87.4989    8.8113   94.3505
   27.4347    7.0352   38.9301   30.9747   74.9285   42.2016   67.2198   37.1477   74.5934   19.8749
   63.1363   98.0845   91.6733   74.4271   13.7518   26.3100    3.6228   41.2168   67.5654   49.7555
    5.8305   21.8949    6.6309   19.6215   26.3811   44.5798   42.3327   66.6999   47.8449   83.0294
   60.9006   95.5050    0.4359   73.8824   71.9643   50.1673   44.9309   78.7467   19.0241   88.8466
   63.3272    9.8393   71.9439   82.5099   31.9838    9.7652   50.7849    9.4332   77.8375   77.1880
   50.2397   78.9347   51.9812   49.4047   30.6542    9.9708   72.2470   61.5851    9.7585   55.5009
   36.2918   39.6079   24.6065   58.3250   12.1332    1.7764   16.7734   38.1342   48.9328   46.6749
   92.9736   71.2336   55.9859   31.7789   27.3261   13.6099   50.7546   40.7249    9.3324   84.4621
   53.9625   63.9891   53.1958   37.5183   68.4102   96.4671    1.8652   75.7235   96.9626   12.2910
   27.0132   60.6569    1.4524   92.8137   50.5872   68.2922   98.0317   64.5412   22.4272   55.1164
    4.9053   26.5614   24.4917    6.3529   38.9812   19.3661    9.9800   41.5769   53.8337   14.5269
   94.4428   60.1054   49.6317   70.2009   66.6428   52.9427   79.9313   37.7641   86.1253   54.7699
    6.7218   99.1950   43.1793   39.9374   64.6752   29.5397   90.8737   35.4461   80.5729   61.6043
   32.3818   93.4138   74.7173   89.6779    6.0988   36.3382    3.1743   49.0397   57.5192   22.5058
   86.6184   73.4261    9.4373   34.5368   58.4664   46.6135   12.8883   77.8739   32.2430   81.6370
   65.2465   35.3433   89.1745   30.3826   36.8681   37.6030    2.5414   54.4307   56.1495   82.5005
   89.5841   80.8337   95.4949   91.0894   43.3760   81.9944   48.0316   84.4704   11.3352   46.6649
   84.5006   33.3951   25.8321   84.4350   11.6978   49.9080   42.0699   15.6431   28.3763   63.8513
   85.4762   52.2648   95.1393   81.6455   41.1546    5.4118    4.4286   33.1816   62.3487   65.3841
   75.5946   68.2047    1.9485    8.3203   18.4916   96.1730   96.8460   28.4589    8.0441   57.9536
   32.5191   97.1394    6.0958    7.5476   25.9321   14.9425   14.2030   46.2945   71.9921   89.4619
   74.7989   28.8910   62.3437   28.0904   65.2634   69.7249   40.3203   37.4001   99.5497   47.2716
   47.2568   52.1468   10.2796   88.6853   60.6573   29.1289   10.3310    1.4019   10.9120   33.3124
   54.8039   40.9465    8.7260   35.8626   49.3307   94.0481    6.8269   35.6887   33.5719   45.1120
   57.9570   87.2347   47.4022   48.4488   36.0685   96.5194   80.2057   28.2084   13.5704   61.2416
   69.1087   63.8473   81.3540   30.1043   54.0138   47.1951   11.9561   48.2686   30.0830   16.6549
   14.1662   18.1717   23.9564   15.1845   29.0624   27.2346   85.1354   37.4791   55.2865   11.0587
   96.7235   50.0145   29.9959   67.2054   97.0441   41.4164   34.1202   47.5893   84.0782    3.7578
   57.7359   98.8445   66.8866   74.4884   96.0047   28.3802    0.2751   26.9073   49.6933   81.7466
   86.3931   90.8686   87.1334   75.1605   18.9859   90.9485   42.2157   73.9036   89.4712   43.8595
   93.4769   11.3570    7.2228   69.6940   10.0299    1.9749   54.0020   94.5799   90.8645    3.2124
   85.5999   66.0994    8.5126   58.2512   68.0462   25.0934   34.5940   69.5637   58.2211   75.8319
   39.6780    4.6430   22.0602   28.3722   94.4472   21.2251   55.6912   64.3603   35.9096   18.8013
   74.1669   77.4973   20.7969   33.6533   81.9667   84.0442   46.8803   75.0084   71.5721   32.0536
   75.4331   75.0846   94.7167    4.9540   46.2875   77.7315   21.6666   51.7184   52.7838   57.4355
   82.8613   99.8689   10.8113   14.2445   77.4862   50.4764    0.5930   68.2652   70.7386   67.4146
   27.7357   79.2069   72.3085   61.2246   50.9229   52.3256   26.8659   43.8114   31.4381   20.8258
   30.3982   17.7660   27.0681    2.5331   43.1639    8.6627   61.6989   70.8178   62.7992   18.7206
   84.1619   92.8727   36.4543   52.4691   54.4021   46.0942   84.5357   10.8074   13.6583   30.1397
   48.9570   61.5228   42.6030   30.3665   48.3675   96.9603   24.8441   44.1974   84.0609   19.2917
    4.3289   10.4308   80.6127   52.8847   46.1769   99.6231   65.6003   74.7180   46.2141   45.7420
   31.1104   74.4851   48.9085   76.7788   52.4965   95.4609   11.9757   15.5298   38.2820   72.4376
   18.5884   51.8644   15.2442   52.2203   57.2656   38.2923   58.7775   10.0906   40.9638   71.0163
   75.0311   56.9321   43.3337   75.0932   64.2362   86.2894    2.3080   83.7782   77.7018   74.1166
   17.6654   60.6175   66.8035   12.2530   51.1232   42.8257   33.5367   70.9790   18.4983   12.0542
   12.2148   23.0872   57.5715    2.4373   41.7914   14.1105   96.9096    1.8228   27.6199    2.7103
   37.9326   85.8879   73.7649   81.2404    0.7315   47.3948   78.9782   69.9762    6.5546    7.5673
    0.7118   97.9937   98.6799   16.8350   15.9742   75.0565   22.6715   24.8377   23.6569   86.0547

  Column 61

   72.9829
   65.3999
   59.8844
   20.2320
   96.9354
   99.4346
   30.5594
   43.9955
   42.5108
   88.9683
   49.2480
   40.2979
    2.0622
   78.7318
    2.4337
    9.1629
   87.3812
   20.5563
   23.2440
    2.9634
   63.9121
   45.6296
    6.6780
    5.7172
   19.8987
   59.6934
   52.7974
   92.6210
    1.5300
   45.1055
   53.2579
   14.0295
   83.3594
    2.6624
   34.9690
   16.2869
   55.3485
   38.2059
   41.0386
   31.7546
   10.5178
   15.2178
   13.2373
   35.6604
   90.6730
   94.5331
   53.4033
   69.1474
   22.2875
   65.6705
   36.8216
    3.6124
   41.0702
   84.6491
    4.1164
   56.0453
   88.8648
   85.8773
   36.4056
   33.8018
   72.4466

b:
b =

   64.6860
   52.4682
   80.2427
   59.5291
   74.3087
    3.0273
   34.3044
   74.2241
   93.5482
   69.0053
   76.9348
   68.7814
   96.4907
   75.0131
   72.4508
   91.4111
   40.6978
   37.4522
   91.1746
   73.7259
   97.4525
   11.5018
   81.0631
   14.7970
   41.1629
   39.4987
   47.0362
   31.3592
   51.1005
   26.7825
   50.9822
   87.6723
    6.3936
   65.1192
   13.7227
   75.0554
   14.9255
   61.8593
   74.0476
   59.0982
   41.5502
   49.4483
   64.9595
   82.9113
   42.7795
   75.3438
   14.3114
   52.6669
   33.4228
   66.2379
   25.4587
   60.9375
   28.8168
   55.7483
   30.6480
   57.6052
   80.5161
   59.5381
   81.9051
   31.0312
   91.3192

??? Error using ==> stage2Tests>testRandomNByNTest at 336
Calculated incorrect solution

Error in ==> stage2Tests at 17
    testRandomNByNTest();

Error in ==> run at 74
    evalin('caller',[script ';']);
 
>> 
